# written by gfp_to_svm_lite

count_sparse 1
|
SPARSE
2525145101 1
2130631202 2
1016491518 3
808677133 4
807637212 5
807637105 6
3270514317 7
3272342578 8
1961215615 9
810836094 10
809583582 11
682608281 12
4131541576 13
809583716 14
808385972 15
3414470899 16
3251677671 17
2846018299 18
2595017431 19
2555516177 20
2554641608 21
1988708380 22
1962035310 23
1926691602 24
1380164503 25
1055644662 26
809930309 27
102962 28
4158524159 29
3768865924 30
3722499982 31
3642702386 32
4012411257 33
2943245796 34
1769558446 35
1347089562 36
1347089550 37
1346782173 38
1281738757 39
1180108909 40
2527028182 41
1057898185 42
808180967 43
808086202 44
808086190 45
521075780 46
2555137655 47
2554995929 48
3270538050 49
2554546883 50
1798203832 51
1798203793 52
1347089695 53
808086335 54
3832805099 55
2844631641 56
2646027401 57
2555815538 58
1924745191 59
1582518942 60
1397764298 61
949884038 62
809583583 63
682616735 64
491563928 65
491256418 66
244288 67
3271239090 68
2961228623 69
2912323411 70
2527800663 71
2525854511 72
2364849243 73
1582849860 74
1397764391 75
1016491389 76
808062493 77
680953882 78
577719590 79
577625096 80
577412192 81
491563810 82
3770103020 83
2914175143 84
1396495708 85
3413351724 86
2912016224 87
991134352 88
580225293 89
519948956 90
492454236 91
682238108 92
3770103014 93
3643884387 94
3608199512 95
1798463917 96
1280297159 97
1056258874 98
991039978 99
849021718 100
809583535 101
808960624 102
579878661 103
520729251 104
69289271 105
2367607167 106
807944513 107
680953765 108
104078229 109
680339191 110
2516306934 111
3797865230 112
3415526636 113
3412414008 114
2555374108 115
2554546986 116
2527438017 117
1398442144 118
1181747937 119
1057590655 120
809583729 121
3958966240 122
520216869 123
482869526 124
482561954 125
106237063 126
2845458621 127
104078222 128
3609058635 129
3414943550 130
2543352669 131
809930487 132
809819747 133
2845458829 134
2555342691 135
681466407 136
3251677117 137
2845458759 138
2554546916 139
2524837940 140
653230575 141
491256519 142
4159343443 143
3251369758 144
2554988284 145
1379762206 146
1058244864 147
991386358 148
809930021 149
807731851 150
520311720 151
2554854458 152
2554547126 153
1425590259 154
577719759 155
493202626 156
682427228 157
1056259160 158
2527398622 159
1460213365 160
810749711 161
809930369 162
3642253282 163
1280643537 164
2912189427 165
652166763 166
104077970 167
807944215 168
3607419512 169
1397110610 170
2527493314 171
2554546787 172
1055951650 173
809583351 174
680788294 175
808251860 176
134312 177
680741020 178
682939552 179
491256552 180
2526035308 181
652489710 182
807637063 183
2554688552 184
1695040502 185
1057937336 186
1925052719 187
2554641356 188
1056259390 189
809678024 190
1428116102 191
102492 192
3072752868 193
102852 194
2554546927 195
807637327 196
849021759 197
2554239643 198
1322773820 199
2525854596 200
2843804200 201
807534507 202
1798203871 203
1221186435 204
2555295286 205
1771875549 206
1426717242 207
1348728533 208
1280297355 209
809583428 210
1280698794 211
3270183304 212
1179801577 213
810749723 214
808038948 215
809678094 216
2911882237 217
808038976 218
683593839 219
807637316 220
1055951784 221
682427318 222
244314 223
2911882133 224
3770102921 225
849021757 226
809583402 227
3270396098 228
809725399 229
3270979044 230
680741116 231
2525144948 232
491563750 233
1180006392 234
3270395903 235
807329653 236
1397480615 237
1017106029 238
809276013 239
2105048897 240
17 241
1397339097 242
134060 243
2554546876 244
2554239527 245
1056258779 246
807944311 247
849021623 248
3270798096 249
809930378 250
809583440 251
808307025 252
855790527 253
682939630 254
579571324 255
683097360 256
1058717604 257
810403118 258
681276753 259
71093952 260
2911882172 261
2555988638 262
652261523 263
520988972 264
809930048 265
807778813 266
3270396007 267
809583398 268
807842074 269
3270600796 270
4254182136 271
2525546810 272
1180715609 273
807944787 274
1427883406 275
4157704507 276
3609058603 277
3769795532 278
1055951891 279
809622832 280
520004136 281
2555185076 282
2554783220 283
2554641425 284
2554547044 285
2543242084 286
809583693 287
2543242033 288
2527398666 289
1397031664 290
809276133 291
680993330 292
807636999 293
2555366483 294
807637090 295
2914175128 296
2911882185 297
2525239571 298
1927384903 299
652797030 300
1797754786 301
807329900 302
2234397819 303
651953938 304
1280950952 305
651339506 306
1770701118 307
3270703434 308
134427 309
3043472369 310
2844765392 311
849021796 312
2912938298 313
2555713269 314
1058591496 315
1396802991 316
2554995968 317
2525988139 318
2525760026 319
2554688669 320
809583345 321
1281163563 322
810749755 323
809725269 324
809622915 325
3270703756 326
683089052 327
808038954 328
810749729 329
682080909 330
670236731 331
1057937380 332
36777928 333
1056156454 334
102880 335
1398095177 336
491398076 337
810403277 338
3770244578 339
577625223 340
810277020 341
579571506 342
681048626 343
2555342829 344
2554688687 345
2961228897 346
810276932 347
2911882315 348
1798511074 349
493202757 350
1180109084 351
1057898079 352
810008799 353
134065 354
810103347 355
849022004 356
1422877301 357
850660741 358
3642655094 359
2911882041 360
2527438061 361
809583450 362
2911574811 363
491870974 364
1180109110 365
1769653211 366
808086088 367
1425897770 368
808149186 369
807778852 370
810024848 371
855908616 372
1056251017 373
702917077 374
2525144969 375
2844552783 376
808251664 377
682119896 378
1768754865 379
134268 380
493344436 381
2525546905 382
102814 383
807637078 384
577625015 385
807731634 386
1180108780 387
3270931770 388
3722192314 389
3271239002 390
682119845 391
2527840024 392
2526437232 393
3198107993 394
681355753 395
1397456937 396
2525546888 397
2525996008 398
2912189400 399
1397339123 400
808086484 401
2526389997 402
43 403
3270230483 404
1397338886 405
1798511152 406
652395191 407
809276153 408
807999458 409
1086504308 410
102836 411
1016491440 412
521036550 413
809930053 414
2554547015 415
807731521 416
808039002 417
808038963 418
2963120044 419
807637315 420
807637086 421
578026886 422
1972449546 423
104077982 424
244381 425
3270396475 426
2646334777 427
2943159160 428
2912189757 429
2850111140 430
2555713147 431
2526602960 432
2525759672 433
2525452340 434
1399710758 435
1058283973 436
808039249 437
807637158 438
102894 439
3270703408 440
4157759898 441
490815087 442
807731807 443
3271239112 444
104078033 445
807731638 446
3411799395 447
2912189507 448
1798369342 449
1426205297 450
1055951879 451
809677976 452
809622689 453
809583491 454
808480273 455
3270396127 456
519948658 457
2913828452 458
809276217 459
808038892 460
681891432 461
578027409 462
493202956 463
1057590843 464
3768156459 465
1280296900 466
808251889 467
808149641 468
134416 469
651741166 470
4139591581 471
2913213931 472
2911882094 473
2554546847 474
2529037767 475
244623 476
1397007819 477
3657566425 478
521382961 479
1346782167 480
702089646 481
2961323288 482
102590 483
2525688659 484
810150693 485
3270797810 486
809930092 487
2916617931 488
2554641368 489
2554546944 490
807778963 491
1426205282 492
1425897838 493
1425590164 494
291562 495
992513011 496
2269796776 497
681316277 498
2961275885 499
807731533 500
3644506974 501
2912937973 502
808574664 503
680339203 504
652222005 505
1056353499 506
105717010 507
810103308 508
3818098511 509
809725284 510
578334113 511
2912189523 512
2554854348 513
811143375 514
2556106525 515
2912630648 516
3222275285 517
1180006422 518
1988613585 519
2593236058 520
1926691590 521
808480077 522
3415873276 523
2525751769 524
807944378 525
855341774 526
809583396 527
808527312 528
102600 529
3769306808 530
2525286752 531
949789490 532
4141136286 533
808039044 534
2527800585 535
807841800 536
521382883 537
1055951710 538
808346268 539
807329760 540
2366740625 541
577317683 542
809276244 543
491871052 544
807637080 545
2554546905 546
578026925 547
809678008 548
3269781632 549
491563642 550
491256254 551
1925477977 552
3270396277 553
102595 554
1397338945 555
2525854303 556
1056259148 557
2297217284 558
2916870071 559
808149680 560
577317644 561
1397386106 562
3270395981 563
3412146032 564
3270396233 565
810371420 566
1057898084 567
683766743 568
491256373 569
1925478055 570
4191051627 571
3767849127 572
2527091341 573
809583507 574
990732408 575
2554641530 576
652615969 577
2911882068 578
2525239556 579
684160792 580
2267945107 581
4110875773 582
491563720 583
810403206 584
2554586125 585
810403384 586
1347396885 587
104527112 588
2846861132 589
810024744 590
807732059 591
681095701 592
810403135 593
809583460 594
3722192799 595
808038906 596
681466278 597
1180006688 598
102466 599
2554239539 600
810418546 601
811096431 602
807636973 603
102896 604
2914175538 605
807944227 606
1055951728 607
2525546983 608
2525641463 609
809583294 610
3609058591 611
2364849231 612
1925052472 613
1057590672 614
103770728 615
810749811 616
809969365 617
810403089 618
1396590366 619
2556162307 620
2525547375 621
2554641494 622
949789541 623
520350999 624
1055951537 625
1397646399 626
807637069 627
1180109313 628
809622772 629
807424240 630
4158831479 631
102556 632
807778902 633
2554893445 634
2554547060 635
1057590765 636
3272342632 637
2914175390 638
807944344 639
809583469 640
810024635 641
809583707 642
3076078590 643
2269489456 644
808527552 645
2554641395 646
990732357 647
3770103051 648
682592871 649
3722192600 650
106410362 651
1179801746 652
654262862 653
807637137 654
2554239675 655
2527784720 656
809276127 657
1347530912 658
809930014 659
807731482 660
1347530868 661
809929970 662
2525239595 663
1057898123 664
491256412 665
809583655 666
680953855 667
849116343 668
810749716 669
808480143 670
134317 671
1428537208 672
810591845 673
3769614011 674
807637308 675
809583468 676
521698082 677
2911882146 678
244327 679
809678003 680
2527438166 681
807636997 682
1397110532 683
1276086988 684
2961134640 685
1056259458 686
807637036 687
1057141474 688
4034484740 689
2367607271 690
1056259104 691
2525972410 692
808038919 693
1926691634 694
3251677325 695
578239616 696
855034047 697
810024647 698
23 699
106063730 700
102562 701
2525641671 702
1988708172 703
849021662 704
2914136058 705
3657794970 706
1056258991 707
3413123396 708
3270293596 709
2554641519 710
3270537842 711
855034101 712
2554239588 713
1236507557 714
809583390 715
807637050 716
491563839 717
4156743087 718
951735850 719
809677881 720
2556059823 721
2525547057 722
2554995986 723
1425897484 724
1055644508 725
2554688630 726
31 727
4190034815 728
1180715621 729
807944799 730
2961276176 731
521525113 732
3845110313 733
149779 734
1297317310 735
1058110778 736
577932335 737
810371381 738
1056259192 739
1717815328 740
102944 741
578334245 742
106063686 743
1055951689 744
3270798154 745
810276724 746
2961228689 747
991386067 748
2554546838 749
680646616 750
2527186142 751
2525988022 752
2525547206 753
2554854089 754
2912189718 755
2526389958 756
807329966 757
2527493585 758
3270797866 759
2912630636 760
1055951632 761
102900 762
807944428 763
2554854208 764
521477795 765
3413887413 766
2961228707 767
2843804239 768
809583767 769
2554783151 770
1281258290 771
807944412 772
855908577 773
1056259153 774
2555421434 775
1798369330 776
1926738656 777
809930122 778
3271010963 779
4138976902 780
578334191 781
681261383 782
1851239049 783
1798369589 784
577932296 785
577625003 786
521036336 787
578334167 788
1425590271 789
577719551 790
807731614 791
3978641769 792
490507788 793
808038909 794
3770102902 795
102544 796
3642868162 797
103912472 798
1055644217 799
3270395999 800
104385576 801
1348728515 802
578026832 803
810749672 804
681402973 805
1348728476 806
807637232 807
855034119 808
3272342487 809
808046928 810
810403047 811
2525641517 812
2554688648 813
102796 814
105717176 815
651954185 816
2554948676 817
102557 818
2554546906 819
2525145216 820
1182441211 821
2963466572 822
149786 823
950191358 824
682017688 825
102808 826
3412815903 827
808393396 828
2961323224 829
807731572 830
807944451 831
1798369303 832
808086076 833
1055951634 834
3769795526 835
102713 836
807637075 837
701782246 838
2912189310 839
2525546798 840
782795689 841
855034059 842
809276082 843
682120170 844
2554547143 845
809725155 846
2554641675 847
1427268793 848
3272035116 849
2525854186 850
4034484787 851
2364408058 852
809276064 853
2364849282 854
808480104 855
1347530633 856
134172 857
808251720 858
809276109 859
1057590577 860
134075 861
807329671 862
809930199 863
991481083 864
809583377 865
2525145008 866
1056258896 867
1396282912 868
2554783227 869
2527398796 870
807636985 871
1970965885 872
1398749325 873
3412949768 874
808527261 875
134047 876
521036571 877
807731611 878
102624 879
1180108926 880
2555799244 881
520729351 882
3642560468 883
2844458027 884
2525948734 885
19 886
578239655 887
3642253434 888
808039088 889
2555713108 890
134372 891
808913332 892
2527493382 893
809930167 894
2555815770 895
652489632 896
1280296861 897
2554783139 898
807731650 899
1057590720 900
655649644 901
2844765418 902
4254087549 903
808039171 904
2845458967 905
2554972488 906
2525145032 907
3269781341 908
134021 909
4254087796 910
1397110803 911
485508952 912
102806 913
4139804692 914
680646666 915
652261427 916
2912630844 917
810749855 918
809583385 919
2554995989 920
808527508 921
807944813 922
682553709 923
2527848107 924
809725212 925
1058244915 926
680953978 927
1055849134 928
520004187 929
1280604315 930
809930138 931
2364408153 932
833078710 933
681355582 934
2554546880 935
1799984811 936
3270088661 937
680646523 938
102551 939
2911882080 940
102667 941
651646608 942
3270490815 943
848714342 944
1057898174 945
2914214460 946
3413603490 947
1180109105 948
1798369543 949
809583515 950
809725116 951
809276136 952
3770717435 953
807636946 954
809583384 955
809583372 956
1397787896 957
102478 958
3270396394 959
808480116 960
807424492 961
808480026 962
578026910 963
2554546808 964
1180109144 965
490507749 966
809276052 967
3272342302 968
3818713359 969
807944383 970
2554995872 971
2525547084 972
2912189596 973
681852076 974
2554641543 975
2527186066 976
702396971 977
807920617 978
680851365 979
808039005 980
2364100726 981
848919259 982
809677920 983
1056046219 984
3412311673 985
2364864989 986
2554546912 987
782795629 988
3270703795 989
810276685 990
2961228650 991
809819703 992
105717061 993
491563786 994
807755119 995
1428116310 996
103770689 997
1961851783 998
2554239551 999
681261385 1000
2555366525 1001
807779042 1002
1179801499 1003
3271144918 1004
809276200 1005
577719512 1006
809583411 1007
3769795475 1008
808393318 1009
2911574748 1010
2524932236 1011
2961228668 1012
809930099 1013
491563681 1014
3073769427 1015
681355711 1016
2554239506 1017
808574600 1018
807731628 1019
809276181 1020
683664141 1021
1769810505 1022
4139189635 1023
2942757527 1024
2554239449 1025
134036 1026
2961276215 1027
652395108 1028
650937403 1029
808038966 1030
2916082147 1031
102541 1032
3270395942 1033
2525239478 1034
701474926 1035
102517 1036
807731599 1037
681355795 1038
807637131 1039
3412453078 1040
2543005993 1041
102614 1042
1322568903 1043
3608199741 1044
1616142122 1045
2844457910 1046
808724275 1047
149740 1048
2525145047 1049
3412863216 1050
2943884185 1051
578334152 1052
102770 1053
807424448 1054
1179801594 1055
1426779854 1056
2554641407 1057
244535 1058
1397031703 1059
1180203354 1060
1323278117 1061
1181748041 1062
102612 1063
2554239685 1064
2555366603 1065
133982 1066
4254087757 1067
809583429 1068
991386407 1069
2525546956 1070
3270490859 1071
2525349823 1072
2555366515 1073
2542698382 1074
3270396267 1075
809583580 1076
809276175 1077
3412453117 1078
808038987 1079
2525239517 1080
2554995923 1081
1397646113 1082
2525546902 1083
808480317 1084
2554972580 1085
134114 1086
2105891923 1087
102840 1088
2554995950 1089
2554641317 1090
807637259 1091
1798062145 1092
105717049 1093
1582424299 1094
808346190 1095
2554546965 1096
1180006410 1097
2961228941 1098
491563693 1099
2912630942 1100
807329718 1101
2366393905 1102
102618 1103
2525759728 1104
2502062859 1105
680741098 1106
1057590859 1107
1057590621 1108
104385307 1109
134059 1110
808527273 1111
520728965 1112
2962773285 1113
2524837661 1114
3270396272 1115
104219804 1116
1616449384 1117
680646568 1118
809678032 1119
3270703447 1120
653900441 1121
2554972292 1122
752627140 1123
521099465 1124
1397386067 1125
102630 1126
952390033 1127
808086184 1128
682900164 1129
2529037779 1130
579878644 1131
807329749 1132
1397339079 1133
2554239488 1134
2966322156 1135
681048301 1136
2554239599 1137
2844899438 1138
1397031512 1139
810024783 1140
2554546820 1141
104613703 1142
2554546826 1143
1397338871 1144
2554688591 1145
1397110779 1146
809276057 1147
681466213 1148
3270396183 1149
102782 1150
3272342341 1151
3845015973 1152
102994 1153
809622728 1154
2104741616 1155
2554547055 1156
808062544 1157
580012670 1158
3270396037 1159
4157357878 1160
491256293 1161
681702258 1162
2961228662 1163
2554546873 1164
681190201 1165
2525594033 1166
104172765 1167
809513448 1168
490507996 1169
2525239624 1170
104077931 1171
1397338832 1172
102764 1173
680954078 1174
1797754768 1175
3770102813 1176
1056156415 1177
810403162 1178
807637077 1179
3270395993 1180
807841827 1181
2554688723 1182
2554239545 1183
810245130 1184
2554547117 1185
1397339118 1186
2961275936 1187
809930116 1188
491563771 1189
2554239636 1190
1798463878 1191
808062602 1192
809725194 1193
2554586268 1194
578026967 1195
150075 1196
681489564 1197
3270088786 1198
2525452374 1199
1179801538 1200
4157870170 1201
2850111052 1202
1425282844 1203
2545531848 1204
102757 1205
3251677369 1206
807637320 1207
102505 1208
1056156493 1209
810150678 1210
3768999735 1211
2525547167 1212
2844457949 1213
2524837649 1214
807637119 1215
1056258915 1216
493202905 1217
521036393 1218
807732015 1219
682994917 1220
2913828491 1221
3456017264 1222
102559 1223
2556256842 1224
1180006404 1225
491563789 1226
1347089448 1227
807944584 1228
1695040788 1229
491271973 1230
1180164028 1231
682238251 1232
103865237 1233
810403101 1234
2554239611 1235
1798511113 1236
680953822 1237
1397338939 1238
1397339040 1239
807329710 1240
1347530672 1241
810749794 1242
3768463784 1243
2911882092 1244
2554995962 1245
808038814 1246
1057590891 1247
990732396 1248
809622871 1249
810150582 1250
3252063066 1251
1057898218 1252
849021701 1253
1056258952 1254
3657794931 1255
578074106 1256
104282824 1257
2525988034 1258
809819733 1259
2525759779 1260
809047353 1261
1056259490 1262
134072 1263
13 1264
807944579 1265
3270931809 1266
3270490607 1267
809276156 1268
2555279814 1269
1057590699 1270
102523 1271
2525145265 1272
491563738 1273
1055644256 1274
102637 1275
102856 1276
2554688609 1277
2844206068 1278
491272063 1279
702917089 1280
680953921 1281
3412201314 1282
807778807 1283
134273 1284
808480038 1285
1850853414 1286
809583520 1287
2845112360 1288
809819664 1289
3270703262 1290
810717948 1291
2554546769 1292
2525641502 1293
651031939 1294
2555673752 1295
2525964710 1296
3769795514 1297
4203148354 1298
809276124 1299
681095644 1300
491256545 1301
149856 1302
809583532 1303
808039176 1304
1059064419 1305
2963293156 1306
491823828 1307
1926644316 1308
1458267264 1309
682593019 1310
681261235 1311
491256305 1312
809725248 1313
807731560 1314
2527493371 1315
1347530621 1316
810009058 1317
680741267 1318
810923010 1319
579918083 1320
1583251728 1321
680954104 1322
810749750 1323
1055951576 1324
1056069873 1325
492454109 1326
522076587 1327
3607963163 1328
1180109066 1329
1396188611 1330
2555114018 1331
1615834762 1332
1798794959 1333
1926644277 1334
104172625 1335
2527493158 1336
3270230522 1337
4032893047 1338
810024596 1339
808480329 1340
808039127 1341
3642655302 1342
3769795568 1343
3270396033 1344
1280297023 1345
3770102864 1346
807944371 1347
811096348 1348
680954090 1349
808039139 1350
3270088756 1351
807731586 1352
809677959 1353
809276250 1354
2849803485 1355
2554239592 1356
1056258818 1357
2961134596 1358
1056259143 1359
2594709798 1360
1426204996 1361
2554239500 1362
102911 1363
682900487 1364
2912630612 1365
991859479 1366
3270797888 1367
181256 1368
1180109154 1369
3991643146 1370
3251369753 1371
578239604 1372
1396803319 1373
3270490854 1374
2545531892 1375
102801 1376
4139496955 1377
491256311 1378
1848906904 1379
807637030 1380
1055951498 1381
2554932554 1382
807778795 1383
1428757808 1384
2364408207 1385
3043125654 1386
809276213 1387
1798818511 1388
991078786 1389
849021997 1390
1057590759 1391
2525239634 1392
808086222 1393
2525594140 1394
491563654 1395
103770662 1396
491272012 1397
2593850751 1398
3270396289 1399
651244696 1400
2961228767 1401
809276163 1402
2554546850 1403
2525546876 1404
577719558 1405
2525854455 1406
810009001 1407
808251671 1408
809276157 1409
2525145027 1410
655539338 1411
807841878 1412
102643 1413
1797754783 1414
2912339067 1415
3270703379 1416
2525759975 1417
2525144981 1418
2554972437 1419
3799126403 1420
681568489 1421
807944293 1422
3270821598 1423
102824 1424
578026889 1425
807731679 1426
681395224 1427
3270490568 1428
680741059 1429
807731575 1430
3074872734 1431
2527091458 1432
2912630871 1433
2525657317 1434
2554546865 1435
579571622 1436
809276108 1437
2526326912 1438
682285763 1439
681702479 1440
2554546781 1441
102583 1442
492012901 1443
2555712822 1444
3270821787 1445
809583619 1446
1426590943 1447
3642655162 1448
322478949 1449
2555713152 1450
1851412678 1451
2912189412 1452
41 1453
1056353538 1454
1180108914 1455
490815048 1456
807731768 1457
809930300 1458
680953889 1459
810150633 1460
807424227 1461
2843804251 1462
809583779 1463
807778756 1464
1055644314 1465
680741198 1466
855436278 1467
2525854443 1468
2554546832 1469
3642655133 1470
1426338842 1471
521525069 1472
807637123 1473
809583418 1474
2525546944 1475
855034008 1476
102850 1477
2525452289 1478
1771363291 1479
810836198 1480
323298612 1481
2554547171 1482
1798062180 1483
2359446774 1484
807471475 1485
681095671 1486
2555114057 1487
951736037 1488
684066327 1489
2555988626 1490
2525546852 1491
4034484755 1492
2555366527 1493
2527493491 1494
681158711 1495
1056377290 1496
3270396228 1497
465008957 1498
808062439 1499
102582 1500
808417202 1501
2527493265 1502
2554641413 1503
244541 1504
809583631 1505
2527863515 1506
681647251 1507
492020517 1508
2961228936 1509
810276971 1510
2844150686 1511
809276235 1512
1057590815 1513
809583624 1514
3270490663 1515
1057937331 1516
4157665115 1517
3270396020 1518
1058244859 1519
1323278325 1520
1056377288 1521
1379723286 1522
1055644312 1523
809583559 1524
3413509156 1525
808495862 1526
2555114069 1527
4034933786 1528
3415014313 1529
3272689112 1530
782795617 1531
2527091463 1532
1616142120 1533
4141136281 1534
1056684525 1535
3412760386 1536
810150621 1537
1281163512 1538
681395268 1539
1397559752 1540
3656825855 1541
807999497 1542
809276249 1543
809583643 1544
810402996 1545
807637467 1546
1426204843 1547
651788469 1548
809622876 1549
2555366432 1550
680646788 1551
2025807044 1552
702917116 1553
2843804293 1554
103770650 1555
2961275897 1556
1425590382 1557
807329944 1558
3270396194 1559
808038880 1560
1395881044 1561
809678128 1562
809583633 1563
2555515886 1564
2554547016 1565
493202665 1566
3412760779 1567
782795578 1568
807944637 1569
1056259105 1570
1056156561 1571
807637024 1572
1769204147 1573
1057898266 1574
3270088758 1575
1583251689 1576
1058244721 1577
520752784 1578
3272342514 1579
2525145020 1580
3270088774 1581
808495745 1582
102531 1583
1768754904 1584
577719569 1585
2525554677 1586
102601 1587
520256383 1588
4254087835 1589
3642655055 1590
2554641479 1591
809276279 1592
1057590628 1593
809583437 1594
1057590667 1595
579996980 1596
807637038 1597
809583486 1598
4157357688 1599
520728983 1600
2265289377 1601
102484 1602
491350802 1603
149766 1604
1221186188 1605
809276070 1606
579571584 1607
2554586164 1608
3818713398 1609
2107412887 1610
1425590464 1611
578334360 1612
683459605 1613
808479999 1614
3609058621 1615
809583423 1616
102673 1617
810024640 1618
1428116201 1619
2554688741 1620
102988 1621
811096392 1622
807637025 1623
1056684552 1624
809678283 1625
4011757065 1626
1397646086 1627
2366047086 1628
682238147 1629
809583644 1630
3270490529 1631
1425897553 1632
82635019 1633
2554239653 1634
681718184 1635
37 1636
810024661 1637
807329988 1638
651339327 1639
680646511 1640
2525854192 1641
1280911540 1642
3270396050 1643
2525145228 1644
2527091516 1645
2554239631 1646
2554546956 1647
1055951897 1648
2942410700 1649
3272035203 1650
3413170536 1651
807424252 1652
809276121 1653
2542698421 1654
2554546877 1655
1397764352 1656
2555090471 1657
3844251620 1658
102922 1659
3270396323 1660
1397031473 1661
104078021 1662
491579371 1663
2555713191 1664
808086193 1665
808251956 1666
1769582417 1667
1798818472 1668
2525145065 1669
2525452379 1670
2525854539 1671
2554546904 1672
3075629118 1673
3270396059 1674
811237923 1675
3770410211 1676
807637068 1677
653805947 1678
808527591 1679
104172518 1680
2555366471 1681
2554239576 1682
3270396076 1683
2526232310 1684
3272342475 1685
3846197772 1686
808038898 1687
2526082609 1688
1398442100 1689
1399096079 1690
682939508 1691
1848946052 1692
2526185129 1693
2844537239 1694
809725173 1695
1280950869 1696
2844150647 1697
807637012 1698
521036353 1699
1057590808 1700
807944400 1701
809583501 1702
102613 1703
104078039 1704
577932418 1705
1397646344 1706
578783390 1707
652694525 1708
807944323 1709
807944438 1710
808038945 1711
808039006 1712
2961228701 1713
808480173 1714
808488129 1715
808629856 1716
1179801607 1717
807637051 1718
1397315633 1719
1397795853 1720
1758135836 1721
2525546924 1722
2525854225 1723
2527493611 1724
134033 1725
4128357678 1726
2912937992 1727
2913836308 1728
2525145076 1729
2961228797 1730
3769716740 1731
655539299 1732
680954051 1733
681261539 1734
655791471 1735
681828469 1736
782795674 1737
809583483 1738
1799078401 1739
2527186027 1740
2554996007 1741
3270088908 1742
3270703340 1743
810103594 1744
71093809 1745
681261219 1746
104385605 1747
578547301 1748
681970183 1749
809276147 1750
810403123 1751
991134354 1752
1426551783 1753
1926644069 1754
2554547124 1755
808038841 1756
1428116171 1757
2554854335 1758
2555090420 1759
809930235 1760
809622740 1761
2555295650 1762
2554641460 1763
2914269774 1764
3075101123 1765
1055951729 1766
808180624 1767
809276151 1768
1396802926 1769
1398844237 1770
4157357727 1771
807637042 1772
807731617 1773
1958904751 1774
491563800 1775
808480312 1776
3272342436 1777
3770410502 1778
809276211 1779
681048379 1780
490815227 1781
1057590714 1782
3073328577 1783
1798062010 1784
3270183287 1785
809583541 1786
1180108858 1787
2555366559 1788
102779 1789
102818 1790
102842 1791
2554546859 1792
149987 1793
338836 1794
1397646074 1795
522171152 1796
809276079 1797
809276118 1798
2845458873 1799
809930443 1800
1057590803 1801
810103682 1802
2502062835 1803
811443068 1804
1055644552 1805
1055951872 1806
2554641499 1807
808252013 1808
1057590903 1809
1057937479 1810
991039677 1811
2356462212 1812
2527185877 1813
1181747898 1814
809725251 1815
2554759216 1816
2555066832 1817
2593543602 1818
3270396077 1819
520563483 1820
682427357 1821
3609058552 1822
2669689130 1823
3797558284 1824
1960851111 1825
3770102807 1826
104527034 1827
491705503 1828
807778846 1829
810371233 1830
2961323198 1831
1180109004 1832
2554688791 1833
2554988032 1834
1398442350 1835
1695040619 1836
3216622475 1837
4189419996 1838
808086127 1839
2525239529 1840
134229 1841
810403091 1842
1397338755 1843
493297162 1844
807637220 1845
2525759609 1846
2554239563 1847
102950 1848
809930155 1849
809276091 1850
682592832 1851
809276142 1852
2554546898 1853
1425897671 1854
2555255879 1855
520004175 1856
809276191 1857
807636991 1858
681536811 1859
1056259211 1860
809276103 1861
1798511256 1862
1056053925 1863
520255978 1864
1057590847 1865
2554546951 1866
2554688684 1867
490507824 1868
809276269 1869
578027105 1870
702089683 1871
2554996001 1872
808038974 1873
1396495781 1874
1397543901 1875
2105356258 1876
2527493330 1877
149791 1878
2265904496 1879
809583467 1880
493297188 1881
682214432 1882
579878683 1883
807471487 1884
681489621 1885
807731645 1886
1798203943 1887
2526082570 1888
1056298252 1889
1221280762 1890
1425590322 1891
2961228740 1892
2556115059 1893
2525452827 1894
577932284 1895
1086196988 1896
134295 1897
808038904 1898
808251872 1899
1347089436 1900
1396992061 1901
1768660234 1902
2554546958 1903
2555421527 1904
2912630690 1905
577932323 1906
579878605 1907
680953988 1908
681489786 1909
807944625 1910
855034158 1911
807841866 1912
3270396032 1913
102631 1914
1396803123 1915
2556020249 1916
2525452408 1917
2525547208 1918
2554546892 1919
2526066929 1920
992205769 1921
2555421445 1922
2555421488 1923
520255939 1924
2844497305 1925
2912323585 1926
2912937932 1927
808495928 1928
3270396115 1929
2844206200 1930
3271065848 1931
3507713454 1932
2911574772 1933
808062451 1934
1057590711 1935
2554546915 1936
680953792 1937
2912630820 1938
3270396088 1939
808361802 1940
807842118 1941
3270396284 1942
102574 1943
1425897579 1944
807637054 1945
2525759900 1946
807636934 1947
3270183583 1948
3074967270 1949
807637111 1950
809678063 1951
809276257 1952
2525452459 1953
2525783207 1954
2912016180 1955
680339152 1956
491563586 1957
106063808 1958
808038853 1959
1798511170 1960
2525547051 1961
2525854091 1962
3770410115 1963
3270088863 1964
807944591 1965
1769511714 1966
1798511191 1967
1798960294 1968
809276251 1969
3770410476 1970
579918000 1971
809276239 1972
809677977 1973
810403040 1974
1797754833 1975
2554688739 1976
1768967801 1977
2555713165 1978
2555815579 1979
134008 1980
1397228594 1981
3412949729 1982
577624964 1983
807637310 1984
3770410241 1985
490200429 1986
807944388 1987
681489603 1988
2911574995 1989
2961276132 1990
2555043224 1991
991039689 1992
2556115125 1993
808480356 1994
1058110674 1995
2554546834 1996
2914175148 1997
3798685504 1998
579918122 1999
810923049 2000
808960853 2001
2912630888 2002
491563732 2003
2961228980 2004
807944254 2005
808480065 2006
808086145 2007
1057590764 2008
809725206 2009
2527532597 2010
578026793 2011
1280746021 2012
2527493497 2013
2555366533 2014
3270537821 2015
1055951671 2016
3643009908 2017
3941105422 2018
2554239627 2019
3770102909 2020
810749782 2021
577625061 2022
807637271 2023
3770410202 2024
681261454 2025
2844457988 2026
807944831 2027
832259042 2028
2555847006 2029
809677974 2030
2554893614 2031
991386106 2032
1056377440 2033
1426323179 2034
2554641830 2035
1583708525 2036
1614195873 2037
1427024662 2038
3270703313 2039
2554641410 2040
2554586194 2041
1798511300 2042
1057590678 2043
3412760633 2044
808251613 2045
150031 2046
2554546933 2047
102570 2048
808495784 2049
4157357795 2050
3542068794 2051
1056377302 2052
3270088700 2053
681261085 2054
1056258857 2055
682427267 2056
1180109027 2057
2961134388 2058
807944506 2059
2554641456 2060
579918039 2061
492800824 2062
807841905 2063
520752641 2064
809276203 2065
810371194 2066
1055951828 2067
3413256724 2068
809678172 2069
134101 2070
808621848 2071
580225320 2072
991039924 2073
2555366476 2074
810836055 2075
1960908232 2076
1988960300 2077
808306796 2078
577625100 2079
1797754729 2080
680954039 2081
807637276 2082
2366393762 2083
2554688642 2084
2911575034 2085
3978641808 2086
808385764 2087
807637264 2088
1057590660 2089
2554586176 2090
2525239808 2091
809930105 2092
3412453066 2093
2527532558 2094
2525144993 2095
809583359 2096
103865224 2097
807731578 2098
1056258964 2099
519909588 2100
655791400 2101
680954194 2102
1347633216 2103
2554893484 2104
4139497500 2105
3270088797 2106
3412414243 2107
3273981607 2108
102597 2109
134034 2110
579918330 2111
1056156754 2112
2961370472 2113
521036558 2114
491256513 2115
491902332 2116
807637003 2117
807731547 2118
1798062049 2119
2525381365 2120
2555255840 2121
3270183306 2122
3770102795 2123
809276195 2124
520563259 2125
655444712 2126
1397338793 2127
1848599337 2128
3270088952 2129
521477509 2130
2525641424 2131
2525145255 2132
106237024 2133
2911882104 2134
808495823 2135
651551992 2136
492454291 2137
680646484 2138
1280297198 2139
1427024594 2140
1056353528 2141
2525145260 2142
808267501 2143
2525381378 2144
810702151 2145
808393525 2146
2554893305 2147
3270089155 2148
3412414190 2149
2912323500 2150
2912630742 2151
2525452367 2152
809930144 2153
2850111101 2154
810024518 2155
520397839 2156
3642560766 2157
1180006600 2158
1798061971 2159
520681444 2160
2555366594 2161
2525546837 2162
2554547326 2163
102874 2164
1152244852 2165
807637037 2166
1180006666 2167
2961228953 2168
2554546977 2169
2554688734 2170
2556335588 2171
1056353405 2172
2961228858 2173
2911882339 2174
1848599310 2175
521083481 2176
807329665 2177
3270088964 2178
1397386314 2179
3412760532 2180
1797754690 2181
2554546984 2182
102752 2183
641468692 2184
808574613 2185
681710311 2186
1055951673 2187
808086115 2188
1396188364 2189
808046681 2190
2525688698 2191
810071831 2192
1769203939 2193
2525144942 2194
521422647 2195
2912189463 2196
3270845180 2197
3768463797 2198
519909909 2199
3770102852 2200
577719473 2201
519602268 2202
2554547019 2203
2844457922 2204
2912189334 2205
244529 2206
807944266 2207
490200676 2208
681056219 2209
1798062257 2210
2525649264 2211
653285580 2212
2554546878 2213
3270089243 2214
578334230 2215
2554854210 2216
3456017511 2217
3772049194 2218
681048475 2219
3413603478 2220
1925052846 2221
1056053937 2222
2105048831 2223
1769062286 2224
3770410127 2225
3270537803 2226
104078099 2227
3251677219 2228
1057897897 2229
2525547045 2230
102585 2231
490815155 2232
807637081 2233
809583413 2234
3270537764 2235
2543100358 2236
851007565 2237
1396897591 2238
2911882351 2239
809969404 2240
102858 2241
807778834 2242
808386016 2243
3509517914 2244
809930187 2245
807731655 2246
850660842 2247
991386258 2248
1057897998 2249
2525546894 2250
2554546975 2251
2448596839 2252
2941772175 2253
3770796225 2254
491871001 2255
4131888047 2256
807329707 2257
809583333 2258
578026928 2259
577766786 2260
2844458000 2261
1426346626 2262
809276096 2263
810403079 2264
807637092 2265
808574574 2266
1055951644 2267
2525381339 2268
106410428 2269
809276115 2270
809677842 2271
1055644464 2272
3270088920 2273
810450314 2274
2527493304 2275
810009144 2276
849021870 2277
1056259026 2278
1427024389 2279
1616142168 2280
1378635548 2281
4035611627 2282
520004058 2283
1280643784 2284
809276101 2285
990732447 2286
2844150876 2287
1280950991 2288
1056377193 2289
2542698569 2290
2554783287 2291
651693838 2292
2555366571 2293
2525547089 2294
2554893457 2295
2555713260 2296
2943505785 2297
807637318 2298
808480234 2299
905878655 2300
1057590753 2301
1582424913 2302
2364849478 2303
3412453120 2304
809583479 2305
811096387 2306
654168148 2307
2526413542 2308
2525594189 2309
2513603926 2310
3251716390 2311
519602229 2312
680741147 2313
811238027 2314
3509517796 2315
1030343543 2316
1057898179 2317
1056259199 2318
2554546945 2319
3270537860 2320
810544532 2321
1058244716 2322
808086419 2323
653845096 2324
1055951704 2325
1056259024 2326
1152378873 2327
810276729 2328
1924950108 2329
681190453 2330
2913197861 2331
3272035188 2332
1180109017 2333
1057590767 2334
810292404 2335
992166704 2336
1297223009 2337
4141482918 2338
1181748097 2339
2554239542 2340
2527493343 2341
105717153 2342
1057590723 2343
1427536646 2344
810277042 2345
577317695 2346
809583575 2347
3274328257 2348
809276145 2349
578026871 2350
807731508 2351
1056250978 2352
808149108 2353
2554641371 2354
2849803524 2355
3269986258 2356
3271105188 2357
2554854425 2358
683097316 2359
102520 2360
807944351 2361
3270797868 2362
810403084 2363
2527879229 2364
3770102756 2365
810276646 2366
808480083 2367
2961228611 2368
1056258913 2369
2555114168 2370
104196318 2371
104172479 2372
680953804 2373
2527091419 2374
323078 2375
808038763 2376
577625135 2377
218030404 2378
3270088622 2379
809276106 2380
808480128 2381
2554585917 2382
2961228752 2383
577719810 2384
808251591 2385
808385568 2386
2913828521 2387
1425590310 2388
2914671666 2389
2961134192 2390
3271333715 2391
807329731 2392
3657873852 2393
2542698451 2394
652008896 2395
1970752944 2396
2912630788 2397
493147461 2398
2555421377 2399
234555144 2400
578239643 2401
520563376 2402
2525239568 2403
1055951714 2404
651552148 2405
809583446 2406
809622784 2407
2961228728 2408
810276763 2409
2913828509 2410
1425590298 2411
1926644355 2412
2554546882 2413
807637134 2414
2554948750 2415
3072926428 2416
1768967559 2417
2912938024 2418
2942142640 2419
2912630898 2420
2525145323 2421
1180006644 2422
1771875588 2423
681489636 2424
808480327 2425
1057937292 2426
1180108965 2427
1378596400 2428
2554996057 2429
1687901770 2430
2961228951 2431
3845000372 2432
484816080 2433
2525334143 2434
683112885 2435
809583646 2436
809930035 2437
810403157 2438
1397787857 2439
1280297147 2440
2554547082 2441
2554547091 2442
808038934 2443
2554854428 2444
2555815678 2445
2845072758 2446
2554546795 2447
4157870202 2448
2525334104 2449
2366740438 2450
951736059 2451
1426204765 2452
1057590616 2453
2525239764 2454
809677989 2455
3270703223 2456
680953900 2457
807329704 2458
2525144930 2459
1348728644 2460
807944317 2461
4034484644 2462
809622767 2463
2914521780 2464
2525988073 2465
807944305 2466
807329692 2467
1322876223 2468
810371272 2469
2961323237 2470
102684 2471
1396803004 2472
807731539 2473
808479987 2474
493147473 2475
809819715 2476
1426441135 2477
2555326802 2478
3270088768 2479
807731667 2480
2554547161 2481
807424201 2482
2555421540 2483
102604 2484
134356 2485
2555988587 2486
991039391 2487
2554546919 2488
2527493236 2489
2554996018 2490
701782341 2491
2940976369 2492
3270088807 2493
578546924 2494
521131207 2495
681143262 2496
808149445 2497
809622777 2498
809678255 2499
991425462 2500
1057590771 2501
1280643835 2502
2554641691 2503
3414399519 2504
3270396350 2505
2525453118 2506
682592915 2507
2554547104 2508
577766825 2509
3272035039 2510
682939695 2511
808039049 2512
808480044 2513
1057590821 2514
1398134819 2515
808038802 2516
1428116132 2517
3415526531 2518
3607656090 2519
3643403851 2520
3270396187 2521
3770449578 2522
4012411118 2523
850660889 2524
991347249 2525
1057898045 2526
2555342898 2527
4012064442 2528
683483346 2529
2554239518 2530
2554547129 2531
520563691 2532
2845459036 2533
3415526600 2534
3768905192 2535
520350955 2536
1280297247 2537
1180108819 2538
2555366520 2539
2527438044 2540
809796027 2541
3252843578 2542
2593850739 2543
2844497552 2544
3272342623 2545
102862 2546
1180006416 2547
809583690 2548
1924950091 2549
809622733 2550
810276712 2551
1182094618 2552
1848812031 2553
|
